ID001 3 4 6 34.4
ID001 3 4 41 44.5
ID001 3 4 77 42.8
ID001 3 4 106 45.0
ID001 3 4 135 40.6
ID001 3 4 218 42.0
ID001 3 4 257 39.1
ID001 3 4 286 32.4
ID001 3 4 319 25.9
ID002 3 8 20 44.9
ID002 3 8 56 39.1
ID002 3 8 82 44.0
ID002 3 8 117 29.0
ID002 3 8 145 41.5
ID002 3 8 210 30.7
ID002 3 8 241 28.5
ID002 3 8 269 22.8
ID002 3 8 295 22.3
ID003 3 12 37 36.6
ID003 3 12 70 37.6
ID003 3 12 123 31.8
ID003 3 12 157 34.7
ID003 3 12 184 30.9
ID003 3 12 250 33.5
ID003 3 12 276 32.3
ID003 3 12 313 24.6
ID004 3 7 7 37.6
ID004 3 7 41 41.5
ID004 3 7 73 52.1
ID004 3 7 101 24.5
ID004 3 7 129 29.4
ID004 3 7 164 25.2
ID005 3 9 16 41.8
ID005 3 9 42 40.6
ID005 3 9 104 33.9
ID005 3 9 131 38.0
ID005 3 9 166 33.3
ID005 3 9 219 33.3
ID005 3 9 254 31.8
ID005 3 9 279 31.3
ID005 3 9 314 29.2
ID005 3 9 368 26.9
ID006 3 11 24 27.4
ID006 3 11 49 41.5
ID006 3 11 85 26.6
ID006 3 11 111 32.2
ID007 3 7 51 33.3
ID007 3 7 75 27.9
ID007 3 7 109 31.4
ID008 3 9 17 21.1
ID009 3 11 41 56.2
ID009 3 11 72 53.6
ID009 3 11 108 47.1
ID009 3 11 137 47.4
ID009 3 11 160 48.1
ID009 3 11 223 47.9
ID009 3 11 255 36.6
ID009 3 11 285 30.2
ID009 3 11 315 30.1
ID009 3 11 350 15.4
ID010 3 9 11 43.4
ID010 3 9 40 40.2
ID010 3 9 71 45.9
ID010 3 9 101 40.4
ID010 3 9 135 42.7
ID010 3 9 170 35.2
ID010 3 9 195 37.1
ID010 3 9 220 32.7
ID010 3 9 255 30.8
ID010 3 9 285 28.3
ID010 3 9 314 24.7
ID011 3 10 27 47.1
ID011 3 10 60 41.8
ID011 3 10 88 40.2
ID011 3 10 127 35.3
ID011 3 10 155 34.5
ID011 3 10 177 29.0
ID011 3 10 212 31.8
ID011 3 10 240 33.4
ID011 3 10 271 22.3
ID012 2 4 12 43.2
ID012 2 4 45 51.6
ID012 2 4 79 48.2
ID012 2 4 108 40.6
ID012 2 4 133 28.5
ID012 2 4 164 38.2
ID012 2 4 196 31.1
ID012 2 4 224 34.0
ID012 2 4 255 27.1
ID013 2 6 28 43.4
ID013 2 6 59 41.5
ID013 2 6 91 44.8
ID013 2 6 122 27.4
ID013 2 6 149 41.7
ID013 2 6 178 43.9
ID013 2 6 214 35.0
ID013 2 6 246 27.3
ID013 2 6 275 32.0
ID013 2 6 299 34.7
ID013 3 6 19 49.8
ID013 3 6 83 38.4
ID013 3 6 121 29.9
ID013 3 6 176 35.9
ID013 3 6 205 36.6
ID013 3 6 234 34.6
ID013 3 6 270 34.6
ID014 2 10 10 28.4
ID014 2 10 36 33.4
ID014 2 10 70 32.9
ID014 2 10 97 31.7
ID014 2 10 132 25.5
ID014 2 10 163 28.0
ID014 2 10 190 25.8
ID014 2 10 220 23.1
ID014 2 10 250 26.2
ID014 2 10 284 21.3
ID014 2 10 309 23.2
ID014 2 10 337 19.3
ID014 2 10 400 18.7
ID014 3 1 22 24.4
ID014 3 1 53 36.8
ID014 3 1 82 20.7
ID014 3 1 116 27.4
ID014 3 1 148 27.1
ID014 3 1 174 24.8
ID015 2 3 68 47.7
ID015 2 3 96 45.4
ID015 2 3 122 32.7
ID015 2 3 185 42.3
ID015 2 3 216 37.7
ID015 2 3 244 31.5
ID016 2 4 27 48.2
ID016 2 4 60 46.9
ID016 2 4 85 37.4
ID016 2 4 117 39.9
ID016 2 4 150 29.9
ID016 2 4 177 27.9
ID016 2 4 239 29.5
ID016 2 4 271 20.1
ID016 3 4 17 43.6
ID016 3 4 42 47.5
ID016 3 4 78 42.0
ID016 3 4 106 40.8
ID016 3 4 131 38.5
ID016 3 4 226 25.4
ID016 3 4 257 23.6
ID016 3 4 288 23.4
ID017 3 10 316 30.3
ID017 3 10 346 17.8
ID018 2 5 8 34.3
ID018 2 5 33 43.3
ID018 2 5 66 42.4
ID018 2 5 91 37.0
ID018 2 5 129 26.3
ID018 2 5 152 31.8
ID018 2 5 183 35.3
ID018 2 5 220 25.5
ID018 2 5 246 29.0
ID018 2 5 279 25.5
ID018 2 5 308 23.9
ID018 2 5 338 19.7
ID018 2 5 364 15.5
ID018 3 7 13 33.5
ID018 3 7 46 38.1
ID018 3 7 81 33.8
ID018 3 7 106 33.2
ID018 3 7 140 35.9
ID018 3 7 168 24.6
ID018 3 7 202 30.1
ID018 3 7 238 25.6
ID018 3 7 259 25.8
ID018 3 7 291 24.4
ID019 2 7 14 39.8
ID019 2 7 37 43.3
ID019 2 7 70 44.8
ID019 2 7 99 40.1
ID019 2 7 134 38.1
ID019 2 7 192 32.3
ID019 2 7 227 28.2
ID019 2 7 252 31.8
ID019 2 7 315 29.2
ID019 3 7 31 37.4
ID019 3 7 64 39.8
ID019 3 7 100 26.9
ID020 2 4 31 47.3
ID020 2 4 59 44.7
ID020 2 4 90 40.7
ID020 2 4 116 37.2
ID020 2 4 151 38.7
ID020 2 4 178 34.6
ID020 2 4 204 38.9
ID020 2 4 242 38.4
ID020 2 4 273 34.5
ID020 2 4 306 30.9
ID020 2 4 338 26.8
ID020 2 4 359 28.6
ID020 2 4 390 21.9
ID020 3 8 34 31.9
ID020 3 8 67 51.0
ID020 3 8 94 40.8
ID020 3 8 131 43.6
ID020 3 8 157 41.6
ID020 3 8 186 39.1
ID020 3 8 225 22.0
ID020 3 8 254 43.0
ID020 3 8 284 29.8
ID020 3 8 305 33.7
ID021 2 5 32 33.7
ID022 2 9 22 32.9
ID022 2 9 47 44.0
ID022 2 9 82 42.6
ID022 2 9 112 43.2
ID022 2 9 146 41.9
ID022 2 9 179 45.3
ID022 2 9 234 39.4
ID022 2 9 262 37.7
ID022 2 9 324 30.9
ID022 2 9 349 27.9
ID022 2 9 385 23.2
ID023 2 9 43 30.5
ID023 2 9 69 33.4
ID024 2 10 31 34.0
ID024 2 10 60 35.9
ID024 2 10 90 37.7
ID024 2 10 120 29.1
ID024 2 10 161 34.0
ID024 2 10 179 32.7
ID024 2 10 210 22.8
ID024 2 10 240 32.0
ID024 2 10 275 23.0
ID024 2 10 301 21.7
ID024 2 10 333 12.4
ID024 3 10 11 41.0
ID024 3 10 48 43.8
ID024 3 10 75 43.1
ID024 3 10 102 38.2
ID024 3 10 135 38.5
ID024 3 10 167 34.6
ID024 3 10 199 34.8
ID024 3 10 259 24.2
ID024 3 10 284 29.1
ID024 3 10 321 19.5
ID025 3 3 155 39.0
ID025 3 3 185 35.4
ID025 3 3 216 32.1
ID026 2 6 32 44.0
ID026 2 6 57 33.7
ID026 2 6 87 38.0
ID026 2 6 116 24.3
ID026 2 6 152 37.5
ID026 2 6 182 32.1
ID026 2 6 211 25.1
ID026 2 6 244 23.6
ID026 2 6 272 22.9
ID026 2 6 301 17.7
ID026 2 6 324 18.2
ID026 3 6 15 33.7
ID026 3 6 46 45.3
ID026 3 6 74 45.6
ID026 3 6 136 35.0
ID026 3 6 171 28.4
ID026 3 6 194 27.5
ID026 3 6 226 21.4
ID026 3 6 288 15.0
ID026 3 6 322 16.1
ID026 3 6 345  7.8
ID027 2 7 70 36.5
ID027 2 7 96 30.3
ID027 2 7 126 28.6
ID027 2 7 156 30.1
ID027 2 7 189 26.3
ID027 2 7 221 20.9
ID027 2 7 250 25.1
ID027 2 7 271 28.2
ID027 2 7 310 21.2
ID027 2 7 334 23.0
ID027 2 7 370 17.9
ID027 3 8 24 41.5
ID027 3 8 57 41.0
ID027 3 8 85 37.9
ID027 3 8 119 32.3
ID027 3 8 177 29.3
ID027 3 8 209 31.3
ID027 3 8 242 32.0
ID027 3 8 275 31.6
ID027 3 8 303 29.8
ID027 3 8 331 27.3
ID028 2 7 21 43.4
ID028 2 7 87 33.7
ID028 2 7 114 37.4
ID028 2 7 148 39.0
ID028 2 7 177 30.4
ID028 2 7 209 31.0
ID028 2 7 239 29.1
ID028 2 7 266 29.0
ID028 2 7 297 26.4
ID028 2 7 328 21.3
ID028 2 7 358 20.1
ID028 3 10 29 37.8
ID028 3 10 65 36.3
ID028 3 10 96 35.6
ID028 3 10 121 34.2
ID028 3 10 158 38.4
ID028 3 10 184 34.7
ID028 3 10 248 33.0
ID028 3 10 276 32.2
ID028 3 10 305 27.2
ID029 2 3 29 42.0
ID029 2 3 50 44.7
ID029 2 3 83 42.6
ID029 2 3 118 38.7
ID029 2 3 147 41.2
ID029 2 3 172 43.0
ID029 2 3 209 29.7
ID029 2 3 237 34.1
ID029 2 3 266 28.6
ID029 2 3 297 25.9
ID029 2 3 323 31.2
ID029 2 3 356 22.5
ID029 2 3 392 24.3
ID030 2 11 26 48.7
ID030 2 11 58 50.2
ID030 2 11 92 47.7
ID030 2 11 117 26.0
ID030 2 11 145 29.3
ID030 2 11 176 41.6
ID030 2 11 207 43.6
ID030 2 11 238 39.0
ID030 2 11 266 41.2
ID030 2 11 352 31.1
ID030 3 1 21 37.3
ID030 3 1 60 48.1
ID030 3 1 86 48.3
ID030 3 1 123 49.4
ID030 3 1 149 46.7
ID030 3 1 181 50.8
ID030 3 1 213 47.7
ID030 3 1 239 47.4
ID030 3 1 267 45.4
ID030 3 1 306 36.5
ID030 3 1 331 36.1
ID031 2 8 41 43.7
ID031 2 8 66 40.5
ID031 2 8 100 38.8
ID031 2 8 130 27.5
ID031 2 8 244 19.7
ID031 2 8 276 21.5
ID031 2 8 305 15.6
ID031 2 8 339 19.2
ID031 2 8 369 13.3
ID031 3 12 17 43.0
ID031 3 12 50 42.9
ID031 3 12 116 44.2
ID031 3 12 173 37.4
ID031 3 12 198 42.5
ID031 3 12 235 25.2
ID031 3 12 267 25.8
ID031 3 12 297 10.7
ID032 2 10 29 41.5
ID032 2 10 64 32.1
ID032 2 10 99 26.1
ID032 2 10 131 28.8
ID032 2 10 158 23.3
ID032 2 10 213 23.2
ID032 2 10 240 24.5
ID032 2 10 277 20.7
ID032 2 10 305 18.7
ID032 2 10 332 18.6
ID032 3 10 17 44.1
ID032 3 10 53 42.9
ID032 3 10 82 32.4
ID032 3 10 120 35.1
ID032 3 10 143 32.8
ID032 3 10 173 26.0
ID032 3 10 207 19.5
ID032 3 10 236 25.5
ID032 3 10 270 19.3
ID032 3 10 299 15.4
ID033 3 9 15 30.4
ID033 3 9 74 47.0
ID033 3 9 107 36.6
ID033 3 9 135 35.9
ID033 3 9 175 36.9
ID033 3 9 199 36.5
ID034 2 8 36 34.3
ID034 2 8 66 32.0
ID034 2 8 124 28.5
ID034 2 8 152 27.7
ID034 2 8 221 21.5
ID034 2 8 243 25.6
ID034 2 8 276 19.1
ID034 2 8 303 17.5
ID034 2 8 333 13.7
ID034 3 8 16 32.3
ID034 3 8 51 41.0
ID034 3 8 80 35.4
ID034 3 8 111 31.9
ID034 3 8 144 38.2
ID034 3 8 170 30.5
ID034 3 8 233 24.1
ID034 3 8 261 21.8
ID034 3 8 297 13.1
ID035 2 10 36 25.0
ID036 2 3 11 42.1
ID036 2 3 36 56.5
ID036 2 3 66 48.2
ID036 2 3 95 42.6
ID036 2 3 129 35.2
ID036 2 3 154 42.4
ID036 2 3 184 35.6
ID036 2 3 225 33.7
ID036 2 3 282 32.4
ID036 2 3 310 25.5
ID036 2 3 343 20.8
ID036 3 9 16 31.4
ID036 3 9 49 42.6
ID036 3 9 70 37.4
ID036 3 9 100 43.7
ID036 3 9 136 38.6
ID036 3 9 173 36.5
ID036 3 9 196 34.0
ID037 2 9 18 36.8
ID037 2 9 51 45.4
ID037 2 9 80 45.9
ID037 2 9 109 47.9
ID037 2 9 144 30.2
ID037 2 9 174 44.2
ID037 2 9 235 36.4
ID037 2 9 256 32.7
ID037 2 9 292 30.0
ID037 2 9 318 31.1
ID037 3 10 23 47.8
ID037 3 10 62 43.0
ID037 3 10 86 36.2
ID037 3 10 121 42.5
ID037 3 10 152 43.1
ID037 3 10 180 36.0
ID037 3 10 219 41.4
ID037 3 10 243 41.9
ID037 3 10 274 37.9
ID037 3 10 334 28.0
ID038 3 2 177 26.0
ID038 3 2 208 35.9
ID038 3 2 238 27.0
ID038 3 2 268 28.9
ID039 1 4 36 38.9
ID039 1 4 61 29.4
ID039 1 4 91 24.7
ID039 1 4 124 25.6
ID039 1 4 154 27.5
ID039 1 4 181 30.4
ID039 1 4 209 29.4
ID039 1 4 246 24.5
ID039 1 4 275 21.9
ID039 2 3 19 43.5
ID039 2 3 55 41.6
ID039 2 3 81 33.8
ID039 2 3 113 37.2
ID039 2 3 148 33.7
ID039 2 3 180 33.1
ID039 2 3 206 30.0
ID039 2 3 232 28.4
ID039 2 3 271 17.1
ID039 2 3 297 11.2
ID040 2 11 22 46.0
ID040 2 11 51 48.4
ID040 2 11 88 37.5
ID040 2 11 114 46.9
ID040 2 11 175 49.3
ID040 2 11 199 45.9
ID040 2 11 229 36.4
ID040 2 11 286 47.6
ID040 2 11 331 37.4
ID040 2 11 356 38.0
ID040 3 1 27 46.1
ID040 3 1 60 55.9
ID040 3 1 81 62.5
ID040 3 1 121 49.5
ID040 3 1 151 51.3
ID040 3 1 174 55.8
ID040 3 1 239 48.7
ID040 3 1 298 42.5
ID040 3 1 331 36.0
ID041 1 5 30 35.0
ID041 1 5 61 37.7
ID041 1 5 124 39.1
ID041 1 5 145 33.8
ID041 1 5 176 33.6
ID041 1 5 241 26.6
ID041 1 5 273 29.9
ID041 1 5 302 26.2
ID041 2 5 22 36.8
ID041 2 5 49 32.7
ID041 2 5 78 37.7
ID041 2 5 108 31.7
ID041 2 5 142 34.9
ID041 2 5 171 35.9
ID041 2 5 201 32.8
ID041 2 5 234 28.0
ID041 2 5 265 33.4
ID041 2 5 302 18.6
ID041 2 5 321 14.6
ID041 3 5 36 45.3
ID041 3 5 66 43.3
ID041 3 5 94 43.9
ID041 3 5 128 44.3
ID041 3 5 158 24.1
ID041 3 5 192 29.2
ID042 1 4 32 38.1
ID042 1 4 65 36.5
ID042 1 4 92 34.6
ID042 1 4 123 28.6
ID042 1 4 158 33.7
ID042 1 4 178 26.7
ID042 1 4 216 35.7
ID042 1 4 245 32.8
ID042 1 4 274 32.5
ID042 1 4 304 24.9
ID042 1 4 334 29.5
ID042 1 4 390 28.2
ID042 2 6 12 35.1
ID042 2 6 46 41.5
ID042 2 6 71 35.1
ID042 2 6 111 36.2
ID042 2 6 171 31.4
ID042 2 6 201 34.6
ID042 2 6 237 34.0
ID042 2 6 291 30.6
ID042 2 6 323 28.4
ID043 1 7 18 18.0
ID043 1 7 47 22.5
ID043 1 7 79 22.5
ID043 1 7 104 22.7
ID043 1 7 136 22.6
ID043 1 7 168 22.2
ID043 1 7 203 22.4
ID043 1 7 237 18.4
ID043 1 7 256 18.3
ID043 1 7 316  6.8
ID043 2 7 17 31.5
ID043 2 7 40 34.6
ID043 2 7 76 27.7
ID044 1 4 31 33.4
ID044 1 4 62 35.4
ID044 1 4 93 30.8
ID044 1 4 115 27.1
ID044 1 4 157 30.8
ID044 1 4 182 23.3
ID044 1 4 208 27.4
ID044 1 4 243 27.7
ID044 1 4 272 25.8
ID044 1 4 306 17.8
ID044 1 4 338 25.4
ID045 1 5 18 30.4
ID045 1 5 45 28.2
ID045 1 5 73 30.8
ID045 1 5 141 27.4
ID045 1 5 170 34.2
ID045 1 5 205 40.6
ID045 1 5 229 35.3
ID045 1 5 263 32.7
ID045 1 5 294 37.1
ID045 1 5 322 28.7
ID045 1 5 352 25.5
ID045 2 7 25 33.7
ID045 2 7 92 40.7
ID045 2 7 114 44.1
ID045 2 7 145 46.4
ID045 2 7 178 39.2
ID045 2 7 206 38.4
ID045 2 7 239 38.7
ID045 2 7 273 34.7
ID045 2 7 304 35.6
ID045 2 7 334 30.7
ID045 2 7 360 25.1
ID045 2 7 398 31.0
ID045 3 12 89 43.4
ID045 3 12 117 45.9
ID046 1 9 65 24.9
ID046 1 9 129 27.1
ID046 1 9 161 17.3
ID046 1 9 185 21.2
ID046 1 9 208 15.6
ID046 1 9 249 17.7
ID046 1 9 279 18.0
ID046 1 9 306 17.6
ID046 1 9 335 15.9
ID047 2 8 35 44.0
ID047 2 8 58 37.2
ID047 2 8 117 36.7
ID047 2 8 182 33.6
ID047 2 8 211 38.7
ID047 2 8 241 33.3
ID047 2 8 268 33.7
ID047 2 8 299 27.9
ID047 2 8 333 29.0
ID047 2 8 360 32.1
ID047 3 10 12 42.9
ID047 3 10 52 44.0
ID047 3 10 78 35.9
ID047 3 10 107 43.0
ID047 3 10 146 38.1
ID047 3 10 171 35.7
ID047 3 10 205 42.2
ID047 3 10 236 33.3
ID047 3 10 260 36.2
ID047 3 10 295 28.2
ID048 1 8 32 25.5
ID048 1 8 58 24.8
ID048 1 8 88 17.1
ID048 1 8 119 17.5
ID048 1 8 151 16.6
ID048 1 8 189  8.9
ID049 1 11 17 19.5
ID049 1 11 52 26.2
ID049 1 11 84 19.8
ID049 1 11 109 22.5
ID049 1 11 140 24.4
ID049 1 11 166 21.6
ID049 1 11 198 15.0
ID049 1 11 231 15.2
ID049 1 11 261 19.7
ID049 1 11 286 12.3
ID049 2 11 41 29.1
ID049 2 11 68 28.6
ID049 2 11 95 26.2
ID049 2 11 133 22.1
ID049 2 11 163 22.3
ID049 2 11 194 20.9
ID049 2 11 222 19.9
ID050 1 9 19 30.5
ID050 1 9 42 27.9
ID050 1 9 73 28.9
ID050 1 9 105 26.8
ID050 1 9 133 29.7
ID050 1 9 169 31.0
ID050 1 9 197 33.7
ID050 1 9 224 30.9
ID050 1 9 255 30.8
ID050 1 9 282 31.7
ID050 2 8 32 41.5
ID050 2 8 70 28.9
ID050 2 8 96 39.3
ID050 2 8 130 33.9
ID050 2 8 161 30.5
ID050 2 8 184 34.1
ID050 2 8 226 33.2
ID050 2 8 250 29.9
ID050 2 8 314 25.9
ID050 3 8 37 43.2
ID050 3 8 63 44.1
ID051 1 11 31 28.3
ID051 1 11 64 25.3
ID051 1 11 99 26.5
ID051 1 11 121 28.3
ID051 1 11 146 23.4
ID051 1 11 179 20.3
ID051 1 11 207 30.9
ID051 1 11 241 26.2
ID051 1 11 270 26.3
ID051 1 11 299 27.5
ID051 1 11 337 27.0
ID051 1 11 369 19.7
ID051 1 11 397 19.8
ID052 1 9 13 12.2
ID052 1 9 42 22.5
ID052 1 9 72 26.7
ID052 1 9 108 24.6
ID052 1 9 138 30.1
ID052 1 9 168 22.3
ID052 1 9 194 28.4
ID052 1 9 223 27.2
ID052 1 9 251 23.0
ID052 1 9 282 21.1
ID052 1 9 313 22.6
ID052 2 9 38 36.9
ID052 2 9 65 38.8
ID052 2 9 97 31.2
ID052 2 9 131 28.2
ID052 2 9 162 36.2
ID052 2 9 198 28.5
ID052 2 9 221 26.9
ID052 2 9 253 25.1
ID052 2 9 293 26.1
ID052 2 9 310 25.7
ID053 1 10 21 26.2
ID053 1 10 54 25.0
ID053 1 10 81 28.5
ID053 1 10 114 18.0
ID053 1 10 148 26.3
ID053 1 10 174 18.0
ID053 1 10 203 20.8
ID053 1 10 232 23.7
ID053 1 10 290 18.8
ID053 1 10 322 17.7
ID053 2 10 18 39.3
ID053 2 10 57 36.2
ID053 2 10 91 31.3
ID053 2 10 112 25.3
ID053 2 10 152 22.7
ID053 2 10 176 18.1
ID053 2 10 208 20.5
ID053 2 10 243 17.6
ID053 2 10 263 12.1
ID053 3 11 27 36.5
ID053 3 11 59 38.4
ID053 3 11 91 34.6
ID053 3 11 126 37.0
ID054 2 1 213 35.7
ID054 2 1 240 30.1
ID054 2 1 269 38.0
ID054 2 1 334 29.7
ID055 2 12 234 31.0
ID055 2 12 259 25.3
ID055 2 12 290 22.1
ID056 1 12 18 25.3
ID056 1 12 55 33.1
ID056 1 12 80 30.3
ID056 1 12 109 30.4
ID056 1 12 140 38.1
ID056 1 12 166 36.4
ID056 1 12 197 35.0
ID056 1 12 225 33.3
ID056 1 12 257 33.7
ID056 1 12 294 14.9
ID056 1 12 320 23.1
ID056 2 1 18 25.5
ID056 2 1 57 31.0
ID056 2 1 79 29.2
ID056 2 1 118 32.3
ID056 2 1 141 31.3
ID056 2 1 172 33.2
ID056 2 1 205 33.9
ID056 2 1 236 21.0
ID057 1 11 27 33.8
ID057 1 11 62 33.3
ID057 1 11 94 25.8
ID057 1 11 123 34.1
ID057 1 11 145 33.0
ID057 1 11 210 32.5
ID057 1 11 238 34.5
ID057 1 11 270 26.3
ID057 1 11 302 25.8
ID057 1 11 331 30.0
ID057 1 11 356 23.6
ID057 2 1 20 43.8
ID057 2 1 86 45.0
ID057 2 1 115 44.8
ID057 2 1 151 41.1
ID057 2 1 175 36.3
ID057 2 1 209 35.7
ID057 2 1 237 42.9
ID057 2 1 269 38.5
ID057 2 1 299 30.7
ID057 2 1 326 25.4
ID057 2 1 358 19.9
ID057 2 1 391 18.5
ID058 1 6 24 34.9
ID058 1 6 53 31.3
ID058 1 6 82 31.9
ID058 1 6 112 32.8
ID058 1 6 141 28.8
ID058 1 6 180 29.1
ID058 1 6 204 28.3
ID058 1 6 234 28.5
ID058 1 6 269 23.1
ID058 1 6 297 29.1
ID058 1 6 334 25.2
ID059 2 8 31 41.0
ID059 2 8 61  7.9
ID060 1 1 32 35.3
ID060 1 1 62 36.4
ID060 1 1 90 30.1
ID060 1 1 117 33.4
ID060 1 1 148 34.9
ID060 1 1 181 29.4
ID060 1 1 211 28.4
ID060 1 1 240 26.8
ID060 1 1 271 21.8
ID060 1 1 305 27.2
ID060 2 3 24 45.7
ID060 2 3 61 41.1
ID060 2 3 93 43.8
ID060 2 3 147 42.8
ID060 2 3 177 42.2
ID060 2 3 206 35.4
ID061 1 1 29 13.7
ID062 1 9 30 27.4
ID062 1 9 60 27.0
ID062 1 9 94 29.2
ID062 1 9 124 26.8
ID062 1 9 153 25.6
ID062 1 9 184 19.7
ID062 1 9 244 17.4
ID062 1 9 269 13.3
ID062 1 9 301 15.3
ID063 1 8 25 22.4
ID063 1 8 62 30.9
ID063 1 8 89 31.9
ID063 1 8 117 28.4
ID063 1 8 149 31.9
ID063 1 8 184 23.3
ID063 1 8 210 26.6
ID063 1 8 240 31.6
ID063 1 8 274 31.0
ID063 1 8 308 26.1
ID063 2 7 20 37.4
ID063 2 7 46 42.0
ID063 2 7 77 40.6
ID063 2 7 107 38.3
ID063 2 7 136 38.3
ID063 2 7 165 32.7
ID063 2 7 202 32.2
ID063 2 7 233 33.7
ID064 1 7 20 25.3
ID064 1 7 45 29.3
ID064 1 7 79 27.8
ID064 1 7 107 26.9
ID064 1 7 140 20.4
ID064 1 7 173 18.4
ID064 1 7 198 22.3
ID064 1 7 231 18.9
ID064 1 7 260 19.9
ID064 2 7 7 34.8
ID064 2 7 73 38.7
ID064 2 7 99 33.6
ID064 2 7 132 28.6
ID064 2 7 164 18.8
ID064 2 7 196 14.3
ID064 2 7 228 14.3
ID065 1 9 29 28.0
ID065 1 9 54 31.1
ID065 1 9 89 27.6
ID065 1 9 119 34.4
ID065 1 9 150 31.0
ID065 1 9 185 31.5
ID065 1 9 212 27.2
ID065 1 9 248 31.6
ID065 1 9 272 32.4
ID065 1 9 304 26.5
ID065 1 9 337 24.7
ID066 1 8 31 29.3
ID066 1 8 62 32.9
ID066 1 8 88 34.4
ID066 1 8 124 35.5
ID066 1 8 156 31.6
ID066 1 8 182 35.8
ID066 1 8 281 30.5
ID066 1 8 307 28.4
ID066 1 8 333 27.7
ID066 1 8 367 25.4
ID067 1 8 64 36.2
ID067 1 8 92 43.4
ID067 1 8 122 41.7
ID067 1 8 150 33.0
ID067 1 8 187 37.8
ID067 1 8 221 36.0
ID067 1 8 245 33.4
ID067 1 8 283 29.8
ID067 1 8 309 30.5
ID068 1 5 19 38.5
ID068 1 5 52 33.1
ID068 1 5 81 32.4
ID068 1 5 111 34.5
ID068 1 5 144 36.4
ID068 1 5 173 30.5
ID068 1 5 205 30.1
ID068 1 5 238 30.0
ID068 1 5 300 23.3
ID068 2 5 37 48.7
ID068 2 5 61 48.8
ID068 2 5 94 47.2
ID068 2 5 126 45.1
ID068 2 5 153 34.1
ID068 2 5 188 38.1
ID068 2 5 218 30.6
ID068 2 5 245 21.4
ID068 2 5 280 15.0
ID068 2 5 309 20.0
ID069 1 7 33 30.9
ID069 1 7 97 37.1
ID069 1 7 126 30.0
ID069 1 7 158 38.1
ID069 1 7 187 32.8
ID069 1 7 216 33.7
ID069 1 7 253 30.3
ID069 1 7 277 25.6
ID069 1 7 311 32.8
ID069 1 7 339 28.3
ID069 2 8 11 33.8
ID069 2 8 37 45.1
ID069 2 8 65 46.9
ID069 2 8 99 40.6
ID069 2 8 131 31.4
ID069 2 8 160 33.2
ID070 1 9 33 31.7
ID070 1 9 86 32.4
ID070 1 9 119 36.7
ID070 1 9 155 33.2
ID070 1 9 189 33.1
ID070 1 9 209 33.8
ID070 1 9 274 24.4
ID070 2 8 26 30.9
ID070 2 8 61 31.8
ID070 2 8 88 29.6
ID071 1 8 33 34.8
ID071 1 8 66 33.2
ID071 1 8 90 37.9
ID071 1 8 159 39.6
ID071 1 8 186 36.2
ID071 1 8 218 35.2
ID071 1 8 246 34.6
ID071 1 8 281 26.7
ID071 1 8 310 30.1
ID071 1 8 336 25.4
ID071 1 8 370 19.2
ID071 2 10 26 39.0
ID071 2 10 56 44.9
ID071 2 10 120 37.5
ID071 2 10 182 33.7
ID072 1 8 35 32.6
ID072 1 8 67 31.3
ID072 1 8 94 22.5
ID072 1 8 192 29.1
ID072 1 8 223 28.2
ID072 1 8 246 24.9
ID072 1 8 287 20.9
ID072 1 8 315 10.8
ID072 2 7 30 33.5
ID072 2 7 62 33.7
ID072 2 7 91 27.9
ID072 2 7 124 28.9
ID073 1 6 40 29.6
ID073 1 6 67 30.3
ID073 1 6 100 30.1
ID073 1 6 133 32.6
ID073 1 6 161 26.3
ID073 1 6 192 36.6
ID073 1 6 225 29.7
ID073 1 6 248 30.2
ID073 1 6 286 35.6
ID073 1 6 315 20.5
ID073 2 6 24 32.2
ID073 2 6 55 41.8
ID073 2 6 84 39.7
ID073 2 6 113 38.2
ID073 2 6 144 32.0
ID073 2 6 172 29.8
ID073 2 6 206 29.7
ID073 2 6 238 23.4
ID073 2 6 268 24.1
ID073 2 6 303 24.3
ID074 1 12 28 23.9
ID074 1 12 58 24.8
ID074 1 12 116 13.9
ID074 1 12 152 14.5
ID074 1 12 182 16.1
ID074 1 12 206 16.1
ID074 1 12 239 18.3
ID074 1 12 269 12.4
ID074 2 12 28 31.3
ID074 2 12 65 32.3
ID075 1 10 30 31.6
ID075 1 10 62 38.9
ID075 1 10 94 44.0
ID075 1 10 122 34.7
ID075 1 10 158 38.2
ID075 1 10 180 35.4
ID075 1 10 219 40.5
ID075 1 10 248 29.5
ID075 1 10 274 30.4
ID075 1 10 307 26.8
ID075 2 10 34 36.0
ID075 2 10 69 43.1
ID076 1 9 17 26.5
ID076 1 9 42 36.8
ID076 1 9 77 34.5
ID076 1 9 110 37.1
ID076 1 9 139 34.9
ID076 1 9 176 41.0
ID076 1 9 201 38.6
ID076 1 9 233 42.9
ID076 1 9 259 36.4
ID076 1 9 290 38.4
ID076 1 9 320 33.7
ID076 1 9 353 35.6
ID076 1 9 382 26.5
ID076 2 1 22 43.0
ID076 2 1 58 44.0
ID076 2 1 87 54.9
ID077 1 8 12 27.4
ID077 1 8 102 36.7
ID077 1 8 133 28.8
ID077 1 8 162 26.6
ID077 1 8 227 24.8
ID077 1 8 257 26.2
ID077 1 8 292 21.2
ID078 1 1 200 27.3
ID078 1 1 222 21.3
ID078 1 1 258 24.5
ID078 1 1 286 22.8
ID078 1 1 319 18.2
ID078 1 1 344 20.1
ID079 1 10 16 27.4
ID079 1 10 76 34.4
ID079 1 10 109 34.7
ID079 1 10 143 39.4
ID079 1 10 167 38.7
ID079 1 10 233 33.0
ID079 1 10 258 40.6
ID079 2 9 34 33.7
ID079 2 9 64 35.7
ID079 2 9 91 38.9
ID079 2 9 125 30.7
ID079 2 9 157 37.5
ID079 2 9 195 31.9
ID079 2 9 220 29.5
ID080 1 1 13 35.8
ID080 1 1 52 37.8
ID080 1 1 83 39.4
ID080 1 1 115 41.7
ID080 1 1 146 39.3
ID080 1 1 168 31.2
ID080 1 1 199 28.3
ID080 1 1 231 34.2
ID080 1 1 262 26.5
ID081 1 11 26 29.4
ID081 1 11 51 32.2
ID081 1 11 83 27.9
ID081 1 11 117 24.0
ID081 1 11 148 25.8
ID081 1 11 181 26.3
ID081 1 11 212 27.0
ID081 1 11 237 24.1
ID081 1 11 268 25.0
ID081 1 11 327 23.8
ID081 2 1 40 34.3
ID081 2 1 71 33.8
ID081 2 1 100 29.2
ID082 1 1 10 25.9
ID082 1 1 48 28.9
ID082 1 1 77 28.2
ID082 1 1 138 28.8
ID082 1 1 168 30.3
ID082 1 1 195 27.9
ID082 1 1 227 28.0
ID082 1 1 257 26.0
ID082 1 1 290 25.4
ID083 1 10 9 17.8
ID083 1 10 37 18.9
ID083 1 10 75 28.1
ID083 1 10 103 24.6
ID083 1 10 141 23.0
ID083 1 10 164 28.5
ID083 1 10 200 25.8
ID083 1 10 227 27.8
ID083 1 10 254 20.7
ID083 1 10 291 28.8
ID084 1 7 17 26.5
ID084 1 7 48 36.5
ID084 1 7 84 34.8
ID084 1 7 109 30.7
ID084 1 7 168 26.5
ID084 1 7 203 21.0
ID084 1 7 233 24.2
ID084 1 7 264 16.1
ID085 1 1 15 22.2
ID085 1 1 43 28.9
ID085 1 1 73 21.5
ID085 1 1 108 24.1
ID085 1 1 135 24.3
ID085 1 1 165 17.6
ID085 1 1 228 21.7
ID085 2 1 35 25.5
ID085 2 1 69 22.7
ID085 2 1 104 21.7
ID086 1 10 16 30.4
ID086 1 10 52 40.4
ID086 1 10 81 36.4
ID086 1 10 110 39.2
ID086 1 10 138 36.2
ID086 1 10 171 38.4
ID086 1 10 207 36.3
ID086 1 10 233 39.5
ID086 1 10 265 39.7
ID086 1 10 292 36.7
ID086 1 10 322 32.5
ID086 1 10 353 32.7
ID086 2 12 71 34.1
ID086 2 12 103 40.1
ID086 2 12 130 42.0
ID087 1 4 8 22.1
ID087 1 4 39 23.2
ID087 1 4 74 23.6
ID087 1 4 96 31.1
ID087 1 4 128 24.8
ID087 1 4 160 25.6
ID087 1 4 191 28.6
ID087 1 4 220 28.6
ID087 1 4 249 22.3
ID087 1 4 281 21.2
ID087 1 4 317 21.2
ID088 1 3 25 24.9
ID088 1 3 94 33.0
ID088 1 3 120 26.1
ID088 1 3 149 31.7
ID088 1 3 182 32.2
ID088 1 3 206 28.2
ID088 1 3 242 27.4
ID088 1 3 268 20.4
ID088 1 3 299 21.2
ID089 1 8 36 25.0
ID089 1 8 68 28.9
ID089 1 8 92 30.2
ID089 1 8 123 22.5
ID089 1 8 156 28.2
ID089 1 8 193 25.8
ID089 1 8 224 26.4
ID089 1 8 246 27.1
ID090 1 4 31 31.6
ID090 1 4 67 39.7
ID090 1 4 91 36.4
ID090 1 4 152 37.2
ID090 1 4 183 32.1
ID090 1 4 240 25.2
ID090 1 4 277 20.9
ID090 1 4 308 24.8
ID090 1 4 339 18.7
ID091 1 5 25 33.1
ID091 1 5 93 31.5
ID091 1 5 117 33.4
ID091 1 5 152 36.2
ID091 1 5 212 25.9
ID091 1 5 243 25.9
ID091 1 5 310 27.3
ID091 1 5 336 21.5
ID092 1 4 38 27.3
ID092 1 4 96 30.6
ID093 1 7 51 29.6
ID093 1 7 76 29.0
ID093 1 7 110 32.9
ID093 1 7 139 29.9
ID093 1 7 170 28.7
ID093 1 7 202 27.2
ID093 1 7 235 27.3
ID093 1 7 266 27.4
ID094 1 6 7 17.2
ID094 1 6 39 20.0
ID094 1 6 74 29.5
ID094 1 6 98 26.2
ID094 1 6 132 23.2
ID094 1 6 163 24.4
ID094 1 6 188 23.9
ID094 1 6 222 20.5
ID094 1 6 248 21.4
ID094 1 6 284 25.3
ID094 1 6 313 21.0
ID095 1 8 6 20.7
ID095 1 8 41 27.4
ID095 1 8 66 30.7
ID095 1 8 98 29.6
ID095 1 8 129 25.4
ID095 1 8 155 22.4
ID095 1 8 188 23.9
ID095 1 8 229 26.0
ID095 1 8 252 27.2
ID096 1 6 28 31.0
ID096 1 6 62 26.6
ID096 1 6 95 29.8
ID096 1 6 124 27.6
ID096 1 6 150 28.3
ID096 1 6 187 19.0
ID096 1 6 212 26.9
ID096 1 6 244 18.6
ID096 1 6 280 22.9
ID097 1 6 31 20.6
ID097 1 6 59 23.9
ID097 1 6 93 26.3
ID097 1 6 127 29.4
ID097 1 6 154 19.6
ID097 1 6 184 17.9
ID097 1 6 213 23.5
ID097 1 6 249 19.8
ID097 1 6 281 21.6
ID098 1 9 10 26.4
ID098 1 9 41 21.7
ID098 1 9 76 23.2
ID098 1 9 104 23.8
ID098 1 9 135 19.2
ID098 1 9 163 20.0
ID098 1 9 199 21.2
ID098 1 9 224 21.7
ID099 1 8 21 33.4
ID099 1 8 53 33.8
ID099 1 8 115 28.0
ID099 1 8 141 29.8
ID099 1 8 178 24.0
ID099 1 8 215 26.6
ID099 1 8 241 29.9
ID100 1 8 13 23.2
ID100 1 8 41 22.5
ID100 1 8 75 24.1
ID100 1 8 102 27.4
ID100 1 8 133 21.9
ID100 1 8 165 23.3
ID101 1 9 28 22.6
ID101 1 9 66 23.9
ID101 1 9 97 28.8
ID101 1 9 124 25.0
ID101 1 9 158 26.2
ID101 1 9 187 23.0
ID101 1 9 216 23.1
ID102 1 9 16 20.8
ID102 1 9 47 29.0
ID102 1 9 106 20.9
ID102 1 9 139 20.7
ID102 1 9 173 23.5
ID102 1 9 200 20.5
ID103 1 9 30 14.3
ID103 1 9 64 19.4
ID103 1 9 92 15.5
ID103 1 9 122 22.7
ID103 1 9 158 13.8
ID103 1 9 190 19.5
ID103 1 9 217 18.3
ID104 1 10 11 19.2
ID104 1 10 74 24.6
ID104 1 10 98 21.8
ID104 1 10 134 26.0
ID104 1 10 164 20.1
ID104 1 10 195 29.1
ID105 1 8 49 28.7
ID105 1 8 83 25.8
ID105 1 8 111 23.4
ID105 1 8 144 28.2
ID105 1 8 176 25.2
ID105 1 8 207 31.0
ID105 1 8 240 27.0
ID106 1 10 17 21.9
ID106 1 10 48 34.4
ID106 1 10 78 29.0
ID106 1 10 111 24.9
ID106 1 10 141 24.9
ID106 1 10 172 28.0
ID107 1 10 10 25.6
ID107 1 10 43 22.3
ID107 1 10 71 28.4
ID107 1 10 108 20.6
ID107 1 10 140 26.8
ID107 1 10 171 23.3
ID108 1 10 35 18.5
ID108 1 10 93 19.4
ID109 1 10 43 17.0
ID109 1 10 78 21.2
ID109 1 10 109 23.3
ID109 1 10 142 21.4
ID109 1 10 168 20.1
ID110 1 10 29 27.8
ID110 1 10 57 29.0
ID110 1 10 89 28.0
ID110 1 10 118 23.9
ID110 1 10 154 20.5
ID110 1 10 186 26.8
ID111 1 11 7 28.1
ID111 1 11 34 30.9
ID111 1 11 69 32.4
ID111 1 11 101 25.2
ID111 1 11 132 33.1
ID111 1 11 160 30.6
ID112 1 12 28 31.1
ID112 1 12 64 25.5
ID112 1 12 97 30.9
ID112 1 12 127 34.6
ID113 1 10 12 21.9
ID113 1 10 44 21.8
ID113 1 10 104 27.8
ID113 1 10 144 30.4
ID113 1 10 165 29.2
ID114 1 1 13 15.7
ID114 1 1 42 26.3
ID114 1 1 75 22.9
ID114 1 1 102 24.5
ID115 1 11 5 20.9
ID115 1 11 64 25.7
ID115 1 11 101 23.7
ID115 1 11 136 28.0
ID115 1 11 165 29.5
